PC1	PC2	PC3	PC4	PC5	PC6	PC7	PC8	PC9
ONUN_BODY1	-0.220937276619059	-0.193202369899273	0.160823235785862	-0.142583073094541	0.558371380458635	-0.190767355140199	0.335759190937702	-0.543736508293322	0.333333333333342
ONUN_BODY2	-0.0330617251277399	0.628937707861289	-0.0152559569870121	0.447048687393602	0.123420052056096	-0.460318560923848	-0.254972392447294	0.00336006486419477	0.333333333333337
ONUN_BODY3	-0.302739601969147	-0.0903378049544849	0.0283900683287909	0.192290361723656	-0.501180945626776	-0.161395912009747	0.639779550131708	0.254452884938237	0.333333333333332
ONUN_HEAD1	0.724685023909114	-0.219578301090381	0.456337316126702	0.287177991822263	-0.080224800407615	0.118234023243273	0.0232836137647858	-0.0619152654966858	0.333333333333338
ONUN_HEAD2	0.447891823858377	0.0156329892545836	-0.695056101808563	-0.377862776337631	-0.109452583345885	-0.19004071268568	0.08434843924761	-0.0833315700746052	0.333333333333329
ONUN_HEAD3	-0.186118114179812	-0.438230453327101	-0.394142381178256	0.424253202037753	0.32053348288733	0.294081892222743	-0.225520821733093	0.294581900562894	0.333333333333338
ONUN_PHARYNX1	-0.0800421686212552	-0.104847300824243	0.346370584965371	-0.538323322903307	0.12080685867252	-0.244380013444096	-0.26998569599119	0.560817650771758	0.333333333333324
ONUN_PHARYNX2	-0.0513827813107273	0.537561814851301	0.0492754571317935	-0.196869909099136	0.0942054187859444	0.718206980120585	0.169947326090419	0.0501212653007143	0.333333333333326
ONUN_PHARYNX3	-0.29829517993975	-0.135936281871675	0.0632577776353097	-0.0951311615426928	-0.526478863480264	0.116379658616978	-0.502639210000649	-0.474350422573158	0.333333333333334
