PC1	PC2	PC3	PC4	PC5	PC6	PC7	PC8	PC9
SMED_BODY1	0.13106184473048	0.0290216284468024	-0.11772794007195	-0.522027310827437	0.75847308107723	-0.0721725844876654	-0.0363651006876969	0.0518105055493065	-0.333333333333333
SMED_BODY2	0.127615898387836	0.0102182930079905	-0.0213977227274829	-0.278745649280274	-0.291170436607903	0.624620045360467	0.536171898941193	0.178692274287958	-0.333333333333329
SMED_BODY3	0.184794912722271	0.010608822157064	-0.0267619299812277	-0.0843426589157407	-0.266021522104146	0.274714862760128	-0.818752111855364	0.173800374834037	-0.333333333333343
SMED_HEAD1	-0.57019157173484	0.560774124858255	-0.456323945003736	0.201756110057442	-0.0027716923975708	-0.00923159279816238	0.00913628241391048	0.0137620612893901	-0.333333333333332
SMED_HEAD2	-0.262930280780978	0.214862316959733	0.871779165440947	0.080126547165183	0.0785475678156693	-0.030983425049586	0.00647058668177725	-5.19704855499181e-05	-0.333333333333324
SMED_HEAD3	-0.48580655540198	-0.797416029086027	-0.0880533386671015	0.0924757760697608	0.015491585260977	-0.0205609248195596	-0.00153938426128886	0.00618756952716942	-0.333333333333342
SMED_PHARYNX1	0.467452205215407	-0.0467750929910979	-0.0667155476507521	0.734312749328689	0.263086875463438	0.00988597152700725	0.126952227218849	0.197721857185408	-0.333333333333329
SMED_PHARYNX2	0.190144753923209	0.0153596854933291	-0.0430486705518285	-0.218532983415414	-0.417770282973186	-0.724519588101641	0.155178040254528	0.281686388690489	-0.333333333333338
SMED_PHARYNX3	0.217858792938598	0.00334625115397951	-0.0517500707868448	-0.00502258018219846	-0.137865175534497	-0.0517527643909772	0.0227475612941229	-0.903609060878219	-0.333333333333331
